0.184996
0.201401
0.160289
0.00331815
1.08929
2.2424
0.337393
12.4078
2.62945
1.67359
3.95087
0.241841
3.15731
0.469258
0.436793
0.881322
0.68317
3.4485
1.30106
1.15511
1.87386
0.35246
0.605517
3.42352
2.65871
0.882457
0.704938
2.16714
1.23227
0.733022
0.209216
0.424992
0.485759
0.636054
0.213327
1.77794
0.722043
0.58149
2.10155
4.03325
1.19426
1.40564
3.9186
4.16675
2.97865
0.736154
0.914983
2.01142
0.00031714
4.66326
1.15656
1.7847
1.04835
1.28203
0.35209
1.26326
2.11629
3.54142
0.0116384
0.694434
0.14121
1.85039
3.86988
0.905275
1.08877
0.49274
0.32235
2.68617
0.870065
0.776506
1.36391
1.87822
0.644579
0.715589
1.71539
0.167062
1.94258
0.138221
1.93107
0.700902
0.611755
3.36835
1.67461
1.00688
2.29366
2.79695
0.135293
3.51776
0.704186
0.346198
0.822517
1.39956
1.94912
0.715964
1.12461
2.00126
2.63684
1.19013
6.15921
0.0628753
0.514504
2.2447
1.8133
0.811536
2.4448
0.444667
0.890077
3.7387
1.36693
3.46609
0.344232
0.531475
4.33964
2.51889
0.970789
2.03424
0.807911
4.02528
0.172154
0.747762
0.767039
0.38192
2.4475
0.304744
1.69833
0.630666
2.22806
2.64475
0.655839
0.00532937
1.26912
0.646874
1.52853
4.91349
3.91075
1.5059
1.59078
2.78911
1.35827
1.15205
0.422858
0.554963
2.30936
1.42339
5.00375
0.494283
1.20598
0.268625
1.75641
0.137541
4.78442
0.521946
0.674649
3.65489
3.60911
3.09317
3.06928
0.762385
1.85165
4.28008
1.94898
0.861628
0.624775
2.13186
5.31968
2.12551
0.538643
1.52852
0.499576
0.207666
2.2441
0.269139
3.03581
1.39161
14.5666
0.70847
1.29446
1.76882
0.18924
1.22321
6.00008
2.2637
0.663259
2.03688
3.32904
5.30588
2.69611
0.322437
0.628855
0.551288
0.538957
2.02393
4.42611
1.4496
5.75993
1.20206
1.13912
0.0405287
0.539107
2.63722
1.67513
3.01256
0.0693486
0.368441
0.821229
0.114622
1.52389
0.228398
3.83663
1.99732
0.445402
0.908868
1.22807
0.059501
0.0979419
4.28088
1.01474
0.306079
2.13296
0.0895119
4.39786
3.19284
1.36752
0.604467
0.544531
5.93594
0.770446
3.43111
1.20715
1.47575
1.33857
0.674756
1.73754
0.252557
2.13613
7.93508
0.513281
4.09119
1.84954
2.1488
0.835152
2.71354
1.01812
2.0907
0.715115
1.0492
5.33939
5.25649
0.561674
