74.3391
1.81005
4.2411
7.75593
0.486034
1.50376
4.06156
1.9272
1.76112
1.73785
3.6158
0.601985
2.94586
4.42865
2.38913
7.09313
6.78496
4.62698
4.88543
4.12858
1.85451
0.859788
1.44536
0.9461
3.52987
11.0269
0.224421
1.47987
3.85511
2.58737
0.951219
1.79623
0.635319
4.62423
1.73701
3.25514
1.1283
0.688906
0.268376
0.634056
4.07859
0.282838
2.27468
0.575442
1.01838
2.74724
7.13378
3.04089
4.88918
11.01
3.56939
3.40014
2.11113
1.28456
0.892264
1.3951
3.37564
8.04817
1.33146
1.79653
0.275199
6.62157
6.03651
2.44376
1.93563
6.6972
1.73542
3.07602
3.2404
10.0555
3.24914
5.71516
2.10438
1.2667
0.378023
2.46362
1.75743
2.56854
0.972001
1.09441
4.15962
5.53301
1.02264
2.40968
1.47267
4.40567
0.0812993
3.46242
0.229333
0.511012
2.86733
1.90243
1.74748
4.67308
1.49257
1.3397
7.26383
3.3883
2.3813
3.16504
2.07927
4.99223
1.0727
1.98387
1.00329
2.56663
1.70918
3.0434
1.00711
1.10732
3.45674
3.80805
2.83851
2.97565
1.18475
1.34829
0.549091
2.57338
1.88011
2.91165
5.50024
5.90647
1.57621
4.04976
3.50324
2.38857
0.180745
2.34041
1.14326
4.25013
0.853766
0.158267
4.16178
0.620561
1.12604
5.19215
5.84282
3.89916
5.54341
2.73497
4.24041
3.17127
1.20679
0.254213
4.42745
0.483536
0.383733
2.507
3.93419
0.326615
6.15382
0.92779
7.06975
1.03336
1.91822
1.25987
1.81119
1.80156
2.74125
1.72443
2.8129
3.80721
2.92925
0.271892
4.52057
2.08659
2.30684
5.17166
7.83383
1.69844
0.725861
1.69957
3.95284
1.15867
4.98332
1.56434
2.45576
1.92149
6.59353
1.96086
0.926973
3.69616
1.62736
0.894573
2.00351
3.51583
0.318851
1.86463
1.30553
6.42521
0.253536
11.0127
3.58023
0.585395
1.3771
0.959456
1.99326
1.69347
5.13845
2.26122
2.75527
1.78637
7.23265
8.44513
0.205566
0.886402
2.78339
2.15263
1.12542
0.603181
8.9318
2.2996
0.94854
3.24349
4.67709
1.87531
5.56773
1.48149
2.50973
5.84671
1.69682
6.54165
4.30041
2.03334
1.61608
4.41474
1.67307
5.69356
2.9036
0.459726
0.0563719
0.530468
0.294365
7.82753
6.50281
0.569588
2.27951
0.20071
1.48723
0.713809
2.64656
9.52945
0.174955
6.66726
3.99553
2.65496
6.39654
1.54236
2.17694
